data/lsst_object_test.ecsv
# %ECSV 1.0
# ---
# datatype:
# - {name: mag_i, datatype: float64}
# - {name: ra, datatype: float64}
# - {name: dec, datatype: float64}
# schema: astropy-2.0
mag_i ra dec
[from data line 7140]
24.506286238641188 55.56479809621708 -39.87519675238902
25.185108086853734 55.56531296298983 -39.87516807107459
25.300683495227815 55.565892427992495 -39.876722676168434
25.709649588210056 55.56574801783271 -39.87577497066652
33.01408412276695 55.56460312418784 -39.876086462302055
23.864404854997336 55.46059048417415 -39.877843587833894
24.851854245322386 55.462361663249204 -39.877661601751804
25.24388788435099 55.46304583017334 -39.87696297572117
27.13478636276629 55.46052420483307 -39.87897283059459
24.938231228014736 55.48960205608156 -39.87687068032058
26.779826769464083 55.48854621009789 -39.87716284812685
21.798583762190844 55.525105398702465 -39.87557843734998
24.15972056099494 55.525674012999325 -39.87824218089494
24.947930728347163 55.52621190917783 -39.87622413556407
25.28508852384666 55.52577978901337 -39.877370275475286
25.289662962120033 55.52703007890255 -39.877361073511
25.355561514377417 55.52524578720669 -39.876725551278966
25.62027883749869 55.526023413051384 -39.87512512889018
25.676709147362082 55.52335958685097 -39.87668424823989
26.411926748931833 55.526731450986105 -39.87456662995537
27.994642330067226 55.526895034976796 -39.87608522089975
26.99844283158282 55.52416217231764 -39.87676761157391
26.8945096796075 55.52479119756125 -39.87811855722951
23.3567827397461 55.43575846899036 -39.876732522122836
24.03091629307066 55.434086721705114 -39.87718770007741
24.917724295308496 55.43471921441412 -39.87631237121274
25.202971989291648 55.433919754445256 -39.87652989760167
25.75389128130806 55.43269856179976 -39.87607549168495
26.799316133238435 55.432922689002204 -39.87662889270017
26.138626798075627 55.55577292823088 -39.876709269898555
26.751099904641414 55.555432938024424 -39.87602328425773
24.322679159281257 55.547403106345875 -39.87649796752052
25.96013410793932 55.46845920910106 -39.87662739398339
25.95595496679094 55.4741353494555 -39.87581297512402
26.051994148218824 55.47450972157141 -39.8765171932192
27.594413480796472 55.473084266089415 -39.875734092785834
24.011082264710723 55.56966809747806 -39.875434951615375
25.49582735067062 55.56317634044954 -39.87622885348409
25.735739959442807 55.56205321018786 -39.87535581894251
26.041734565755988 55.562671101240724 -39.874822703514546
27.272460555699226 55.56235857932375 -39.87587042315027
27.012934669165794 55.44740840233031 -39.8760986754871
25.108956516955022 55.50868629736332 -39.876261066208315
25.230684126892132 55.50821992770798 -39.876991508399975
23.54680231237482 55.55060266318001 -39.87568810087796
25.82533433847469 55.54968428188946 -39.87525499804817
27.814185942453264 55.550681021211936 -39.87499587807696
26.355778000376773 55.551526997918536 -39.87670130395609
27.33775168020578 55.548987816071914 -39.8754813163996
26.854017833938563 55.55191347606747 -39.875411468952876
22.7508091032472 55.45364359409099 -39.87606736768792
22.843354301917238 55.45256733958758 -39.877516908838324
28.99322911829444 55.5887432642017 -39.87460679052145
22.95769201917713 55.6004009514092 -39.87819013322775
23.786639691754353 55.59886842564598 -39.875745575114045
24.31026806140082 55.59996910742868 -39.87816301296482
24.186786421008364 55.5973930629931 -39.87553462226075
24.683228508185508 55.595969285506904 -39.87478948347621
24.84195093903088 55.59950761860113 -39.876440503009015
25.244929272652186 55.600137185227176 -39.875627521360414
25.55423261701443 55.59551257055087 -39.87401012031156
25.78021674192344 55.596013410528606 -39.87424407595935
26.25832068452384 55.597311641895566 -39.874617352853875
26.631170329672628 55.59842827182957 -39.87671274966545
24.387417314705473 55.58400387145209 -39.875539670194804
26.27635048489995 55.58458291268988 -39.875884267362174
24.62161148924504 55.591797094305136 -39.875387705447785
23.234966858916643 55.48980481912529 -39.87464448966426
25.709092164085533 55.48984419170307 -39.875807369469406
25.802621999948503 55.48867995792631 -39.87441479238214
24.099938254638065 55.46213459339991 -39.87461342694961
24.520358511519973 55.462779145750645 -39.87565877533359
26.39662985958246 55.46123599205247 -39.87419077739037
24.2677734639855 55.48190590701583 -39.874481541826114
25.98122142906091 55.48035895245741 -39.875464840029856
26.14396657257558 55.48089719802668 -39.8756167075373
27.092544917494433 55.481238759954195 -39.87516837141222
27.652414973895585 55.4828674684302 -39.874703867581914
26.417391875038057 55.44074589925013 -39.8753627327844
26.334577201500274 55.44076543149135 -39.875650930706485
26.7046511880457 55.55838900028572 -39.87459857961474
25.072508473988723 55.48396075279335 -39.87535228653848
26.4893935157627 55.484639361337344 -39.874646858822466
23.792434505447652 55.43787410994387 -39.87483373569164
23.97586825032362 55.43751488716978 -39.8752064491166
25.32280408439289 55.43620122955632 -39.87534770786552
24.370828406554786 55.539134830456405 -39.87537537905041
24.399547896254276 55.53790530341171 -39.875462017064635
26.108022373358825 55.540123228471046 -39.875302514329135
27.136545387685008 55.53854942573708 -39.874533215240206
22.166404878346476 55.530630114955514 -39.87413887285706
23.951628578851885 55.5303428219554 -39.87481309453455
24.956560622869443 55.52903772330006 -39.874983248257585
25.60898496513134 55.47217341761644 -39.87531917184749
24.233712680963468 55.423144259561035 -39.875008449572206
25.810730856099426 55.422613646627326 -39.87414224596307
25.98715088663308 55.42197364799103 -39.87457089028351
24.439677884140334 55.507723493672536 -39.87479904622491
24.614485253862902 55.508836893970944 -39.874976959177424
25.637939534130716 55.50825211322585 -39.874162694262324
24.668112100709806 55.44865808561977 -39.87493866378723
25.922170800935163 55.4483598697814 -39.87481590606832
26.313688292681547 55.41672927840511 -39.87518277913012
25.64655457395923 55.45959933165171 -39.87491375505028
26.402431237650426 55.459477687619476 -39.87459739342144
26.139119966339372 55.58671249728894 -39.87468327911124
26.755531323359985 55.58675989993042 -39.874049500471756
25.765748430816995 55.45078767540134 -39.87467893142279
25.858649614963213 55.451517344362486 -39.87482783422769
23.586183103986446 55.42039692235518 -39.874645201380964
23.778655493096117 55.41985143520037 -39.87421501352747
24.130905924253398 55.419851893874736 -39.87631175470793
25.214403696301908 55.41946509802763 -39.875225358043586
25.89990814851862 55.42009914906368 -39.87518876579094
22.481594165457444 55.545425541567624 -39.87405048413643
24.861702553993624 55.44379971994918 -39.87451857997466
27.19850800107627 55.4444496545679 -39.874956558982944
26.122838570840386 55.557302063266484 -39.874134676583175
25.637027276946498 55.46837477572952 -39.87430468087784
23.0863464531283 55.50546326556279 -39.87577287333204
23.59531048480463 55.50375294723192 -39.87509255513701
23.882107416189704 55.505419182186365 -39.87485716105294
24.537369672445266 55.50586265006144 -39.874074444547965
25.823311743994143 55.50639038189673 -39.876286120515644
26.137268188415852 55.505310413619505 -39.87655848680252
26.948297772896016 55.5041922122447 -39.875363263444896
25.921206334145133 55.478535275982075 -39.87397631742326
23.383753443900112 55.46455199043866 -39.874022834050876
26.73896331241395 55.50171926572635 -39.87418425939059
27.022436851305905 55.47394037546901 -39.87475102218518
26.877178146862562 55.42600405794705 -39.962320768013214
26.995246165231244 55.42607626632798 -39.96278693220934
27.10543947129857 55.42544938164158 -39.96242115961723
27.379544021836043 55.47387822061697 -39.95963240428126
26.403058177956986 55.45901935823241 -39.95585179315963
26.671177763858775 55.45861089849405 -39.95615725126105
32.973957611394205 55.544491106981 -39.95435005777652
27.181630697999054 55.44596600942361 -39.95371169385407
32.47403090973021 55.51949755606497 -39.9530943693834
26.808426036857146 55.51990972947721 -39.953348280179995
26.589887051276666 55.48683619113092 -39.95206688816471
26.87107673040012 55.557150379933624 -39.950031508184445
26.353080329945726 55.55623035671037 -39.94967114992409
26.9523792127874 55.545986571385264 -39.94959087159653
29.52142203825487 55.54547995994826 -39.949577990973964
26.764940035044926 55.546148251358865 -39.94510632627009
33.10523637901785 55.555081759452776 -39.94456269825591
26.39413451192305 55.55481456341827 -39.94477556760649
27.130988024727678 55.59424988465903 -39.94437277364283
26.43260895585074 55.575421823191 -39.9436841029934
26.923644650851557 55.417059147716195 -39.94132895136128
27.68045369785751 55.41764406761032 -39.940951913177756
26.389563246024693 55.5961253273217 -39.93972687102964
26.64806752101583 55.42229057208015 -39.93755894138294
32.7391347393924 55.580352005097886 -39.93369359861483
26.9629087244532 55.55924976361441 -39.933175085091925
26.714156455838907 55.55998635206439 -39.932971463133605
26.522080672261044 55.42050346081423 -39.932617849366174
26.370807148635542 55.42093541167154 -39.933086700699235
28.331002964690068 55.59402906209711 -39.923527496886756
26.632504491505745 55.59544322556097 -39.92305210466373
26.193525536295972 55.58799814103144 -39.92266573700695
27.190411718593573 55.522618965247496 -39.92086639589345
27.882780951311062 55.5227789883005 -39.92141681043043
26.51629869634606 55.56415351388137 -39.92039844822214
33.685581588623805 55.564684799268385 -39.92047944646993
26.87498946516352 55.485069710550476 -39.91810929631978
26.35137640308847 55.48507681164521 -39.918545841224464
26.812432107863163 55.58448786490976 -39.916998971257556
33.20188557918947 55.584627161401784 -39.917867904411466
26.625873975751947 55.557613561503 -39.91660951718359
26.13696951896944 55.55789291909599 -39.91621090722465
26.600058233466456 55.41893104984547 -39.91494484272751
26.355225630576165 55.5727316715188 -39.91451565524538
26.23077070754713 55.571182613188014 -39.913497848403985
26.546691395530033 55.500867973804645 -39.91369250303246
30.98063721674285 55.567947850301685 -39.912070186101026
28.10765741513845 55.523884561580736 -39.90544534683293
26.765811768477167 55.52381386343012 -39.90597297933878
26.64421712466202 55.416732167685005 -39.9054405293286
26.444296892509215 55.44912540869585 -39.904145062044826
26.576732221902986 55.56207975681266 -39.9033302969197
31.093162926107752 55.528396645155496 -39.90282086380276
26.26345619258658 55.513089783118836 -39.90167029305715
26.639722765200133 55.51222118042393 -39.90152287726283
26.604361638648687 55.554695561967144 -39.89922045153276
27.243955890169453 55.44268060847549 -39.898689410869316
26.344971319793828 55.55859099648097 -39.897853945407846
26.467923139818915 55.58125375689695 -39.89774557081597
26.83732740848798 55.580525285909886 -39.89697146374029
27.438975311697916 55.59230333460422 -39.89461908313727
26.358932860847545 55.58306744148012 -39.89163542663944
26.66148863805835 55.582556413138015 -39.89148511800273
26.737699062328616 55.554208667506764 -39.89146860388142
27.25547879940967 55.55495455069178 -39.891475827199585
30.88330706198194 55.56787898250048 -39.889005311995156
26.611685940462465 55.54460896383695 -39.88861359601805
27.146766439861768 55.578525876798814 -39.88779938539538
26.36860724508329 55.44541204208171 -39.88795727987855
35.19815039751926 55.445271582511566 -39.8880885676069
26.96652614105497 55.4580239761732 -39.88483290289748
27.97642160216247 55.533623016464546 -39.883968893911906
26.407107641191548 55.41873845400387 -39.88354640593249
31.682249298297258 55.531476342101534 -39.882433385174785
26.63454036458544 55.53115694431176 -39.88274126277045
27.023382896169576 55.530892972273925 -39.88329006096495
32.5227139346487 55.50562448860864 -39.882722275778676
26.627460967614592 55.50605115996979 -39.8832161064256
27.109979052241847 55.57437234442516 -39.88160209034178
27.526761603564026 55.488080776172154 -39.88027061573373
27.357127229395914 55.48837132360654 -39.88087833355487
26.42906591803158 55.49461464778662 -39.879506405326026
26.808258091317093 55.4555273655226 -39.878614855921185
26.230135249259014 55.594749490110935 -39.87794742568242
27.15195316710228 55.580149225642465 -39.878475637951794
26.313379932977103 55.49447789452796 -39.876869740410555
27.405943155419084 55.49409613564192 -39.87650834490973
27.137337120762506 55.47598222482944 -39.87613082202383
27.092591567313086 55.579221942321325 -39.87562125453618
31.199768950184488 55.44417262267154 -39.95492691542128
26.770433993418195 55.444553135807276 -39.95451242746789
27.447760132625888 55.50742440531113 -39.97198589325007
27.509259595660623 55.5074886735796 -39.971520171729615
26.82708362976384 55.57270035126951 -39.95620468730513
26.722794013259698 55.569236289543696 -39.953513864766535
26.44828726965269 55.569173783650704 -39.9531035939211
26.53351390195301 55.52889387585278 -39.936674215854666
26.999862219873254 55.52928633176566 -39.937017597707
29.658693571029676 55.41664283931221 -39.929200986964666
