data/lsst_object_test.ecsv
# %ECSV 1.0
# ---
# datatype:
# - {name: mag_i, datatype: float64}
# - {name: ra, datatype: float64}
# - {name: dec, datatype: float64}
# schema: astropy-2.0
mag_i ra dec
[from data line 2856]
26.509461758761663 55.45686365886753 -39.93789229178714
26.627186478295087 55.499141926788425 -39.9375633221264
26.728296645524292 55.52298150835615 -39.93677421046098
26.64654170663386 55.55952286139898 -39.93670988843685
26.82832939580832 55.433924956614696 -39.93698352742779
26.845272666307334 55.46380260941157 -39.93673442091443
27.048800692901494 55.527547998933855 -39.936383730165865
26.82528588981978 55.55371824756543 -39.93598839202452
26.795414284328658 55.529415397727966 -39.93595870395405
26.61683273520672 55.474782408781195 -39.93607240507481
27.860485753008405 55.536645357607966 -39.93521121944953
26.537016885714614 55.51361989139245 -39.93531625346729
26.7283046617043 55.47282650079375 -39.935244724484065
27.154383964695864 55.46678269528615 -39.93520295814058
26.499335655505895 55.53149305131839 -39.93494693586678
27.42041550031685 55.54045316618179 -39.93480674226005
30.120213019136884 55.539459341448286 -39.93487429092268
26.64443281009396 55.49744059995529 -39.9348316801224
26.60549589981796 55.588863168451724 -39.93385277020033
27.261398989762892 55.497962347755056 -39.93379209112966
26.71708343465336 55.434415283124245 -39.933783501727945
27.394022223027125 55.595865891934274 -39.93334268416831
27.193068025434766 55.538162016559525 -39.93330478777139
27.579937781481036 55.44350168095503 -39.93348036815724
26.67055913974321 55.54907483365113 -39.93316256248564
26.30725321693874 55.540940005842415 -39.933075821792926
26.950737871613313 55.43662587446859 -39.933355809871166
26.79489845601358 55.51561879500977 -39.93294997132273
26.855789722750288 55.53588001742175 -39.932629475737514
26.501099922200723 55.52539518459062 -39.93215188565829
29.07673809072169 55.42421734421158 -39.93240554631945
26.561848284766803 55.43895145383734 -39.93228533351899
26.636928478256532 55.50613476598688 -39.93204596942829
27.682378761444852 55.58098985784815 -39.93186775884226
26.5393017097554 55.56494809765162 -39.93193855124142
26.815274720208066 55.4471695002529 -39.93217702199226
27.41467141980431 55.43376442356276 -39.932031635370606
27.948155993011316 55.45838727093501 -39.93176026569639
26.877853564198592 55.48047674051887 -39.93083181339876
27.137863108808226 55.45335971802097 -39.93084151431729
26.688949725827346 55.48739008057113 -39.93047571190461
26.549371238590894 55.51596610913332 -39.92959224076971
26.378214087202956 55.42209544880367 -39.929526384177414
27.48185026556881 55.599301777217214 -39.92912552959305
26.525736540328314 55.58413654588317 -39.92876450104149
27.114345243377166 55.53962646423899 -39.92880021276855
26.96667613496202 55.55358529886398 -39.92845639111585
27.550848988156552 55.55750326040459 -39.92830601548514
26.96208909885777 55.58915692615223 -39.927874175901536
27.935918233933666 55.53768600023621 -39.9273191502581
27.35354313966098 55.422825866521094 -39.927632343659994
26.60226700949277 55.497842229700204 -39.92735298514667
27.22757559224485 55.428560537785124 -39.92754357193411
27.46120471712725 55.47163103921422 -39.92689154848961
26.655453861230516 55.51959393085052 -39.926567587052915
26.54160431688436 55.45099454215602 -39.92664409193732
26.427058970494446 55.506200619454866 -39.925853383536946
26.63465713421492 55.49138871910839 -39.925424726050785
26.36872572844273 55.47203081398741 -39.92520456605326
27.386409052979094 55.44943951804083 -39.92496163274666
26.422297608477397 55.49737018863534 -39.92460373963994
26.430676712345228 55.59595909545813 -39.92418774344002
26.980821812656835 55.45612974822452 -39.92451865854571
27.578853438943515 55.43776491918799 -39.92412788174608
27.391627875394395 55.42465480563899 -39.92387816221461
27.23094571261524 55.44280542239163 -39.92362660163147
28.609331262835756 55.43293489356698 -39.923602426773634
27.33655046615793 55.49610814503653 -39.92334892199357
26.2294135821765 55.44354695636181 -39.92207670615349
26.796727529060576 55.59105732417985 -39.92163960339893
26.286865000519725 55.59580707386081 -39.92112812806821
27.579444258306356 55.52989978207427 -39.92093402548275
26.242504902930342 55.46144602012719 -39.920474179686614
26.98915732280031 55.508121622516974 -39.920183323638604
27.142170730978926 55.438537566048765 -39.92018847258718
26.96845789601992 55.48880074135972 -39.91921774562402
26.688558098201213 55.4709113568108 -39.91912345325168
26.395577407870373 55.58094237071565 -39.918833791401426
27.04135664056202 55.43869825722496 -39.91805577721501
26.251793211175332 55.59781566309444 -39.9171805018647
26.43038304702884 55.48276095508521 -39.91735184062287
26.989393582133847 55.59647747595313 -39.91692301926315
26.559020475575746 55.46551634516461 -39.91663681397148
26.3152853936459 55.43969216559898 -39.91658066105301
28.56632272964851 55.526318742188835 -39.91623098687371
26.77690499868043 55.53718215311289 -39.91627579912604
26.544862543315798 55.49456688934357 -39.91586971465724
26.59024009919271 55.44215613859957 -39.9159491245552
26.599099937648216 55.43727352806672 -39.91576619521539
27.24025155511527 55.55165578318922 -39.91543846161035
27.013286463524132 55.55610155154549 -39.91502415783708
26.81771572494064 55.58145297772945 -39.914530418064544
26.76571094645476 55.57642582692732 -39.91442560632229
26.709062752081216 55.53866556347147 -39.91459186696202
26.97547825598099 55.462828793733834 -39.91432176635228
27.04804769617008 55.58755765398578 -39.91389391818185
26.372994068302575 55.43254860231869 -39.91377597303113
26.525510239401235 55.57850461692889 -39.91309915188473
27.406441241946673 55.52770319860234 -39.91330039102112
26.966882825250654 55.53859734926072 -39.912590049718006
26.236720103829427 55.4748937036027 -39.912616411359934
28.49893526961953 55.52975342219322 -39.91221765485619
26.82375982259821 55.43420928311042 -39.91197324917969
26.456832167989422 55.505787938319386 -39.91149639396895
26.679743785338065 55.419198735103 -39.911377872625195
26.409861136711793 55.45047641960374 -39.91094096204248
26.234526068765113 55.590312900034036 -39.91049309769779
28.32393290797646 55.57916367783204 -39.910354766172986
26.8235883558849 55.56933692644906 -39.91028865463373
27.783160266982716 55.429823642396656 -39.91019913200573
26.905961866740718 55.50392976716984 -39.909353403930204
27.167554552824935 55.424743299398294 -39.909484467180064
26.36215894266675 55.48833187587744 -39.90931229828663
26.734853519256063 55.51076704247613 -39.90910855340859
27.318258730940784 55.596146704040514 -39.90885548535109
26.479439756648077 55.56185057683753 -39.90888725823936
26.12686994390396 55.4681916532454 -39.90806531915933
28.19449725897956 55.55044204391102 -39.907730958140405
26.362810993143697 55.55537376489295 -39.907623277583795
27.37323351464307 55.57606789746994 -39.90738998809471
26.9194006341068 55.5747097591388 -39.90707615975165
27.162363126822605 55.50727902394429 -39.90702721771876
26.932671911981558 55.45467725990511 -39.907196610261515
26.67041116640931 55.575903619032196 -39.90649265118119
26.71269850507412 55.51163181871619 -39.90619398874663
27.54904240142793 55.47995976971227 -39.90622406582106
27.681413404645085 55.5715632358228 -39.905775726223766
26.75821443999472 55.42602882802411 -39.90563745701504
26.864147017887873 55.565712071791374 -39.90531794093759
26.66809445337298 55.51009911994635 -39.905519279813376
26.183362793235165 55.529775958495165 -39.90531440632823
27.658944155476874 55.58959905896634 -39.90459744522952
27.786851666925752 55.533391951830794 -39.90480347656733
26.899076144590335 55.48939371812913 -39.904829410564304
27.989263931574 55.49876139000749 -39.904573969053196
27.15285888198693 55.41998399734474 -39.90474215434141
26.96978170432552 55.48842957166324 -39.90433412180037
26.710122575140105 55.553035865931655 -39.90406395562258
26.57154113292516 55.52922071611767 -39.90369893485183
28.31714347863945 55.51794095621148 -39.90339194681723
26.427250289588 55.42189042299098 -39.90339275121044
26.301489321789955 55.49781397275113 -39.90317006412405
28.02704252674196 55.545426885360484 -39.90298599608509
26.267807478733815 55.524221474699054 -39.90293879065378
26.3882426110194 55.49035543569243 -39.90309741018976
26.995346621340587 55.59963631176992 -39.90254651662174
26.673000152261043 55.44131740188033 -39.902844965476
26.572281079151733 55.55135299741137 -39.90248641766417
27.532767975744193 55.47473590344892 -39.90262746248189
26.35056902082973 55.46894883607402 -39.90256038539212
26.994834725890577 55.45168661680618 -39.90257416636468
26.570461993617013 55.573945589629716 -39.90164468444326
27.340161447512813 55.41833743569007 -39.90170967792026
26.751645982561882 55.55009362089673 -39.90134442081912
29.293947538619364 55.575153463969556 -39.901325887018814
26.4727044693262 55.49462604009635 -39.90144999619759
26.405844003409097 55.490453286553546 -39.90110630518264
26.60950180105504 55.51727841373186 -39.90080970456156
26.317591215796043 55.526373486289515 -39.900784060303714
28.478104253745112 55.43638187672442 -39.90080657975794
26.728857732303958 55.45186194299283 -39.90060875956455
26.440253605620637 55.43004740637982 -39.90035588497984
26.55400057498722 55.517830362749706 -39.90006480342048
26.76056209135288 55.599635392114926 -39.89961025290385
26.50454521731063 55.43112729477597 -39.899755778578445
26.284840231870824 55.58697352116355 -39.89922805427207
26.549712401313336 55.52846638834972 -39.89942388435245
27.20323203299033 55.53047124260296 -39.89933850588162
26.703215526362555 55.48858835153707 -39.89940653184529
26.33877581976593 55.578531057061134 -39.89897747181644
27.223806468135354 55.416680458730184 -39.89938117795416
27.8841928801802 55.4869449001186 -39.89853419248426
27.626224477346458 55.550919740237156 -39.898281217591126
26.295256803877038 55.502295068578924 -39.898453164975244
26.28409483027028 55.50343968604119 -39.897810828239365
27.4517788094241 55.58627451787429 -39.89745680875221
26.525575062123327 55.514027724417986 -39.89745754153766
26.40501674490349 55.48428935924293 -39.89751968800847
27.76335365169734 55.5339233895413 -39.897214210066444
26.682637948337355 55.57819812542644 -39.897079142119004
27.639011503948506 55.54848821181076 -39.89712499982936
27.255883974305913 55.43945077157867 -39.897250022762606
27.607364013835763 55.543962076106915 -39.89693208317193
26.44313460672516 55.593855886643155 -39.896546517394306
27.54036748213441 55.57317336951084 -39.8965071929732
26.490425201300493 55.43696856617382 -39.896924284161386
26.447175476459776 55.51941093232682 -39.89641630488502
26.871319000938627 55.5300845133538 -39.89550029639452
27.069488364146984 55.48661592571706 -39.89527240759936
27.022239647562195 55.541254012495024 -39.895015381252676
27.845583184667063 55.49601282927726 -39.89470873827761
26.632695409279286 55.45913921410555 -39.894539030811785
26.646529848497753 55.524534567476124 -39.89406562581125
26.292939521589382 55.59110448513137 -39.89393605302043
27.09032266542613 55.59754469605803 -39.893518389808875
26.78095630808233 55.45422016713208 -39.89389829790118
27.760692107727788 55.56362594341579 -39.89329009914048
27.01255499585064 55.4272893127422 -39.893498817389315
27.680557140897665 55.43851549206869 -39.89338334869719
27.2896605208208 55.42583239226167 -39.89296908767369
27.271363546570203 55.582395056380584 -39.8928158981345
27.094807612435957 55.56133777862214 -39.89282191678062
26.418988300937087 55.55354585541518 -39.892834925452306
26.66030540136164 55.592406783425474 -39.892137709920874
27.660483349720174 55.56022409068191 -39.892244656777336
26.385774197707082 55.52858872129614 -39.89137280315115
27.49715538414431 55.589240220098006 -39.891185965689104
28.58819141679753 55.5304353565236 -39.8905853990653
26.56146467311662 55.559846367431795 -39.889476752215636
27.21640216011474 55.515485702752045 -39.88945208070034
26.331228366429457 55.57059467533248 -39.888584492270155
26.60766772317467 55.53825247347909 -39.888652133001315
27.49017169895635 55.51114880282107 -39.888680276281384
26.46345666206544 55.54602006810106 -39.88808765870415
26.56736888263617 55.57342111609711 -39.88794426905979
26.158733768483618 55.58798625102669 -39.88745822740207
26.473362605415286 55.50877266280235 -39.88736345490161
28.110608077772362 55.472037210519694 -39.88743360922839
26.5901974477758 55.45929128634219 -39.88723392025258
26.82138838397138 55.56761154389475 -39.88686974570775
27.526665180535318 55.53187639159541 -39.887014615060096
26.458642146748552 55.45071136337123 -39.886982888404795
27.49011256713193 55.44393954668219 -39.88701896128187
26.366795067355323 55.528348370122494 -39.88670042833224
26.25403074492568 55.4481512189842 -39.88671827848636
26.289983100132062 55.527652856270336 -39.88561714923604
26.279882941602683 55.58147772565721 -39.885117255338606
26.527025014765506 55.5022085442012 -39.88531707353301
27.017760200535598 55.59694945660944 -39.884621395903054
26.396142616289648 55.43659422989201 -39.884707057595676
26.561499569886397 55.41933929380178 -39.884309188493035
27.026549108709567 55.494816272438584 -39.88394576529368
26.796444453730007 55.56428129700555 -39.88346786288918
26.35864463635207 55.50398018509727 -39.883592170175625
26.528325153192867 55.479041979062714 -39.88344973871866
26.494366821987686 55.583777736077934 -39.883151138261454
26.799952903878093 55.48583653331364 -39.8833774285163
26.720179857433102 55.539790435381626 -39.88302761914464
27.865859489737286 55.5239928004683 -39.88273709352861
27.119364564771665 55.46568224317644 -39.882570155530026
26.607048960472405 55.53968886935442 -39.88217734792107
27.83786938518822 55.599414385135915 -39.8819503917044
26.46439117049816 55.53557054108524 -39.8817894399544
26.696357130680525 55.55075700174459 -39.88161331221668
26.98434450256944 55.42120399751824 -39.881189467517345
26.77294332118729 55.47380139661724 -39.880914549819046
27.17490323392898 55.53950097427435 -39.88066125634701
26.409986065756968 55.58008545358854 -39.880375141202705
26.690546102886888 55.525980109145706 -39.88048472107882
26.576769578469943 55.529312941125134 -39.88013071247077
26.555006488776385 55.49649230403487 -39.879676521978894
26.75964063213395 55.45254366063224 -39.87936731992426
27.327324094719234 55.5595568686056 -39.87904293687505
26.718055636003847 55.514009192259024 -39.879082750648685
26.874337913251686 55.42047038820592 -39.87904024900251
26.20972675476272 55.55958861016064 -39.878169293371606
27.620379291953494 55.56616878558531 -39.878107018689185
27.806465957812364 55.56305330153382 -39.87800712552282
26.406994059304715 55.59355299087104 -39.876504271860625
26.50013295843297 55.502852670816864 -39.876760427758754
26.426160564128473 55.529864410774614 -39.87661520389715
26.361294115643098 55.44915285349757 -39.87628872407509
27.63318831625232 55.45564780087226 -39.87598748113633
26.680768070282625 55.52976510268224 -39.87557973556368
27.473486815057864 55.446135916835864 -39.875797735032485
26.330499362407632 55.461088870754224 -39.8755066817789
26.569998493526498 55.45247287296289 -39.874954735100346
27.157344250721465 55.466509072463474 -39.8748919395128
26.697168866589244 55.584135666086176 -39.87427253402719
26.357637921095055 55.431821420757394 -39.87452504406791
27.245453033246847 55.432750498990956 -39.87423176127848
26.937332311146143 55.468316089899815 -39.975865072045075
26.49007213651519 55.52223857667825 -39.97555090987447
28.295678002068115 55.49792718461779 -39.96122373723121
27.775912235717 55.53814491166877 -39.95350282490266
26.393615422968097 55.50033334129433 -39.94800583861066
27.6333433895768 55.499762020163686 -39.946746605685036
26.922178283329245 55.579320665539235 -39.94243693371108
29.38074408865565 55.50099141042752 -39.93930718103752
27.710506008599967 55.432367380915075 -39.939228987899064
27.760243333382114 55.583293646438804 -39.93263871479781
32.06157122847054 55.42536068182083 -39.932110253674466
27.02972367940659 55.552510397507675 -39.917263372537796
27.607934339255706 55.56966338268107 -39.91115410953984
26.95964036629088 55.53776501636171 -39.90459308739487
