data/lsst_object_test.ecsv
# %ECSV 1.0
# ---
# datatype:
# - {name: mag_i, datatype: float64}
# - {name: ra, datatype: float64}
# - {name: dec, datatype: float64}
# schema: astropy-2.0
mag_i ra dec
[from data line 857]
25.788334141541597 55.49005793958886 -40.00334516499756
25.92653424794209 55.49195524977961 -40.005668403643234
26.45178702609439 55.48953740037295 -40.00489154457896
26.580234209613742 55.48717169937489 -40.004524308314764
26.541844833607733 55.49131153525334 -40.006058498412074
27.783303954160548 55.48812433104712 -40.00485394316268
22.7382665250071 55.57320988134583 -40.00410750097941
26.18731529035647 55.57279818196317 -40.00519718785756
26.125210714642964 55.51265566901373 -40.00560204761756
26.252387075726038 55.51210106780014 -40.00610994026601
23.11252198183075 55.48307191458041 -40.00478776716835
24.829062841040987 55.48307571823145 -40.00540223863936
24.684402596327637 55.480039669001215 -40.00475273988058
24.83170857265477 55.48042175319804 -40.00513368407184
25.297345637009162 55.42478620381296 -40.005251786527396
25.433838442856597 55.42425145891276 -40.00535301029061
26.166019712703797 55.442811139026865 -40.005069971569576
25.795989389155373 55.54271350791781 -40.00475467537559
27.025110016657266 55.543041528254484 -40.00532577188768
25.225833616455866 55.432658359170446 -40.00471668327305
27.800652119762162 55.43221159389409 -40.00542372738155
25.139371083913804 55.55264743631106 -40.00408202744373
25.670452774605145 55.552642371063776 -40.004460892463406
26.133637279275234 55.4310406295208 -40.00478167236506
23.403545648822266 55.49287558121509 -40.00424086367995
24.365252264780278 55.492307321086045 -40.00324738994075
25.391775709686616 55.4941866189769 -40.00346049896287
26.140925230834657 55.49219013787712 -40.00270384371564
26.48135417906667 55.492734506980014 -40.00504157626883
27.553634745272895 55.582661774707496 -40.00338692336476
22.999771897658963 55.54486534343861 -40.00529767490312
24.93459645780687 55.544737041844876 -40.006002647946325
26.552535625513165 55.54509208213815 -40.004436782213325
26.6793759860634 55.54410923483187 -40.004762515883414
25.741220954375187 55.425898735498215 -40.00449886775725
26.911732107874762 55.42563804483428 -40.00395061673042
24.098194992630333 55.53616424400476 -40.00348543561729
25.037018642927055 55.53604451168815 -40.0041056627031
24.529914246615746 55.44453375607202 -40.004196357620216
31.677486933424568 55.443416456022675 -40.00366002990977
24.933015003992892 55.505312618544416 -40.00410264965686
26.88927017616078 55.50582345775469 -40.003991871364576
25.51326450039136 55.50652298182929 -40.00390478569102
26.61146724374389 55.49708142509108 -40.00350987312809
23.78392867968609 55.4733479168596 -40.00355474563093
25.66477887102743 55.56976095929985 -40.00311042010752
26.062866402952082 55.5674260501733 -40.00324653636918
27.017670302451624 55.56839177289019 -40.00332239419905
23.111300425547434 55.59756846780649 -40.003110397180784
24.817361724412823 55.59728237506022 -40.003740491733915
25.403319795424377 55.546414104504365 -40.00343922835914
26.289510971286607 55.54562184758779 -40.00305563009309
26.528930596638386 55.54576544634057 -40.00252302673977
22.502360696099586 55.470230160529596 -40.00534724884268
24.058997184959306 55.4689649140444 -40.00433977178968
24.245334192828704 55.470848161491425 -40.00340670228535
24.63201591246317 55.46938027267589 -40.00335598293308
24.992277675256016 55.468519934747086 -40.004102879315006
25.36520522839926 55.46899213576545 -40.0050680320643
25.927436998449934 55.4672370533915 -40.00354844602981
25.269368511795506 55.53986400956342 -40.00316429534566
25.343257488620743 55.53945985835244 -40.00273119268946
25.56281682357208 55.41661450066062 -40.00304145277131
27.14726243516195 55.4174277902888 -40.00347095239872
24.005598381161537 55.478042503505606 -40.00291584438409
25.26486296391539 55.47752035787148 -40.00327335846127
24.931199993632344 55.42957922319626 -40.0027609610091
26.245382923979648 55.42899281811201 -40.00174898527262
25.994159624559103 55.430068106226464 -40.00187801070289
25.407041505895894 55.58069320968095 -40.00232329567572
30.32749474011909 55.57989046174196 -40.00268429820621
25.182210884473164 55.441679428433 -40.00312663332627
25.65986202159332 55.44248719947785 -40.00268344425561
22.322998974534137 55.52991313547602 -40.00197925341504
25.16583030808193 55.52776021884389 -40.002295950396785
25.50328736478349 55.52799266966268 -40.00188928081845
27.275116395168386 55.53074939089056 -40.00207568376395
26.239797625345876 55.528785728165616 -40.00289249518218
32.172425585841786 55.53151098720628 -40.00152292628623
27.681989704206252 55.52963803255879 -40.0031905138283
22.237111092762348 55.52430813413766 -40.0019206022918
22.964925545486913 55.52307095394472 -40.00162579165005
24.586343986284 55.52425907245904 -40.002430620430175
25.704900255595895 55.50885268046938 -40.00277298199423
25.933992374330074 55.50984539217445 -40.002360428392315
26.076681931086608 55.509218857103065 -40.00221304264508
25.959662370077517 55.4834236075964 -40.00244648269369
24.81088431360312 55.56439066980263 -40.001964440851026
26.897877356427237 55.56327016939837 -40.001845466566905
26.829655606451478 55.56393638882899 -40.00156489284421
22.018164838172112 55.43652920768594 -40.001271951087425
23.38049539830365 55.43541924032649 -40.001858932816106
24.723830960933675 55.51238638389259 -40.00210228638837
24.996834248050348 55.42231466459413 -39.99877601853455
25.161081907046036 55.42345180509048 -39.999296051864086
26.12406746815875 55.4232860258426 -40.00055552802904
26.355257255546128 55.42344516264656 -40.0012950292227
26.137592561674204 55.4230111474569 -40.00177944960258
26.381325892144922 55.41939417940726 -39.9980192536224
27.483307511091507 55.42049684634232 -39.99923107641254
28.242225354573087 55.421426696340006 -39.99896458620791
25.685023814352682 55.587293239848435 -40.00173116908659
25.505229140308295 55.49275833929782 -40.00192654686204
25.740362884247144 55.45566425785931 -40.0018423463149
25.729423935627977 55.45485670287216 -40.00029212532643
25.950401128212373 55.455693100312786 -40.00094160209784
26.57819169042309 55.45440077486688 -40.0007807986432
22.784376320194554 55.44511703489394 -40.00250244890147
25.559910644628463 55.44593057473216 -40.001707930869436
26.385200883740982 55.445992989276384 -40.003301441134845
24.51256082638518 55.442483232980166 -40.00099263495553
25.32954251385897 55.441363622280015 -40.001695783373776
26.674409127466674 55.44099550155173 -40.00100425075327
26.830165721973824 55.44027986904041 -40.00247233433721
24.7421353651451 55.54514582260695 -40.00137642871025
25.02304285459668 55.54747615498698 -40.0007093329881
25.859011304363385 55.547451332121916 -40.0011464105886
26.235437711060367 55.54609567249571 -40.00097111911842
26.758537721022698 55.546936298321995 -40.000255102668234
27.028863614538945 55.546897309205036 -40.00146217817423
27.47184585678924 55.545531803921705 -40.00052001075555
23.72509265829857 55.49574551717063 -40.00134259135068
24.261307682002382 55.49598601508561 -40.000846068515756
24.20694610410871 55.472048027918255 -40.00150250445498
24.99891223877138 55.47049334683703 -40.00123375883102
25.320543109708765 55.47322472598091 -40.001518632694946
25.845593313235874 55.47162608521389 -40.000333128207096
28.48720924076372 55.47288715179225 -39.99970145325956
25.581958453208756 55.57875917608321 -40.001159392507056
26.32477437098941 55.579089595409016 -40.000810107594106
22.490569960203874 55.56870815805207 -40.00033086352932
25.49707281742753 55.57011025753336 -40.000601615243326
19.171852545518718 55.53497444264284 -39.997752921720114
19.609316678742616 55.54054911465186 -39.99530724990312
21.10784843913848 55.53983203891316 -39.99826271692185
21.376048223979126 55.545709456478434 -39.995422790253436
21.577757503898933 55.545029243235156 -39.99799059106585
23.037268418807017 55.54092452105362 -39.9942380391972
23.880734249882835 55.54287329180188 -39.99444324912932
23.636247761635538 55.53589876214398 -40.00033048262761
24.359280005692394 55.53937992019807 -39.99428804369674
23.917895690032715 55.534360997150735 -39.9996880156272
23.882495577709964 55.5435505794601 -39.996719740708215
25.065868699914255 55.541423228873114 -39.99786596027367
24.86244455180225 55.54992551359953 -39.995033483129355
24.902057485891085 55.550281043609225 -39.996114119551066
27.066467792545126 55.54118197012354 -39.9924712898512
24.973171335091415 55.54696457669553 -39.99663245377657
27.448207386912095 55.54116687031969 -39.99317992604494
25.858168938440386 55.5434441274497 -39.994178705892416
26.67062437057254 55.53669661154632 -39.99654315346792
26.650016794242887 55.537290376365995 -39.99792121130379
27.731526752478345 55.53729098655878 -39.9972395736881
26.496890057884755 55.53371477085232 -39.99635639736377
25.88145309924769 55.540574745456574 -39.99986265225558
25.464952754056178 55.54194784024737 -39.999777556175616
25.696392153092706 55.53661838061024 -40.00031626720057
25.94220114651992 55.53678470102453 -39.99989574214158
25.629769118342928 55.53779877925305 -39.99919066411843
26.610225848961655 55.53904163331658 -39.99959360999954
26.232904873013574 55.53955864303438 -39.99908173425213
26.158574895320086 55.53489896209306 -40.001148809811745
26.971295370610086 55.54743832993391 -39.99759182918713
26.812186245725623 55.53919627992915 -39.99377055793831
26.64283322028328 55.5347762738715 -40.00067402057716
23.66123250881705 55.59312874725495 -40.00129742888422
25.278387053924867 55.543310275181064 -40.00103174832154
26.42168807554456 55.54411463542214 -40.00111304608449
22.872235211035182 55.55483455248921 -40.00058425656577
23.91654818163081 55.48011689425114 -39.99857413401232
23.97467188964329 55.47896523771329 -39.99810523119702
24.7326401044668 55.47860382415651 -39.9993354338512
25.27597772765581 55.47823570699516 -40.000658918979994
25.473757887744853 55.479721770096454 -39.99754778980201
25.69187505728698 55.47769573833385 -40.00095738248304
25.911778693211478 55.48245821744002 -39.99874283246332
27.057640148226525 55.47791159283434 -40.00175797905479
26.53236292781965 55.481986094823434 -39.99948560927806
26.89259174531896 55.478019431562274 -40.0000110280609
26.898073550086394 55.47838968521289 -40.00183614595595
24.843011616944075 55.48380229914941 -40.00062928007479
26.89581325772206 55.481996778787234 -40.000573000197676
26.00344978527899 55.47988229001329 -40.00068250205828
25.916877149377438 55.416710543835855 -40.000622433442324
27.0993171390384 55.53062804735617 -40.00048686625469
23.229062495841617 55.5871704021417 -39.99968250015934
25.225347036822587 55.58826411734172 -39.99994459946736
24.87124248990116 55.52498469513083 -40.000026052509924
26.427029326127958 55.52607736536175 -40.00113398939539
26.721030324257434 55.5251401975405 -40.00074702350213
26.448299926040995 55.42811852684589 -39.99955648666094
23.239273058712747 55.56043777986858 -39.99895932508137
24.947522858959175 55.5591195961071 -39.99983235864159
25.20875870641344 55.561552205624764 -39.99893476862488
23.16725973273051 55.464134848976244 -40.00222763151451
24.05127540479524 55.465065273517595 -40.00182215192963
24.191134572585266 55.465790925133206 -39.99968150660328
24.563507197929923 55.46460078874963 -40.00062065492108
24.686439274546142 55.4650262067691 -40.00075077466706
25.203540002714377 55.465288812017114 -39.99965322805762
25.70722919466702 55.465575669605 -40.000179438858524
26.89651554982693 55.46537639758103 -40.00142768698263
23.909178688626646 55.50235439805395 -39.99949212848999
26.470104090993914 55.5029478158187 -39.99941986642269
27.60434854358907 55.50124493233671 -39.99998161218874
25.16423384717244 55.49201359025505 -39.99970121650921
25.127713459172405 55.565472651549634 -39.99687534467012
25.44243656113234 55.56465297862892 -39.99761678300999
25.657414586023357 55.5661789565619 -39.99985044477475
26.92778079756691 55.56640699332128 -39.9975340034001
21.8623584641714 55.4398465890935 -39.999920578949656
25.89778276917551 55.438655374495056 -39.99984500069665
26.201900110304116 55.417340886669706 -39.99976692094272
27.036725737766893 55.41782681108293 -39.99941865278071
23.082830399009456 55.444102957323125 -39.999488362150984
26.725429115898848 55.44415866925105 -39.99876855467239
25.073184474723732 55.4462716516104 -39.999431902215534
26.31247941503928 55.44748812485559 -39.999707656694326
21.596928025857196 55.435575215732094 -39.99800788570932
23.86487797052476 55.43487063306482 -39.994738643361025
23.940984931886597 55.4347376314555 -39.99397609566139
24.067647443226882 55.43580307222194 -39.9956740677299
23.707618438266174 55.4354085765128 -39.99763862194695
25.261890970902304 55.433802686999314 -39.99611821569355
25.06176033668436 55.43626278181705 -39.9948797530168
25.13247318170082 55.43258419846172 -39.99910842189018
27.668972863221445 55.43567541109812 -39.99938900591663
25.533860798818814 55.435596912604986 -39.99968309844579
25.548843975764726 55.43398271255538 -39.99457076264325
26.187073371121375 55.43384648287465 -39.99944359416783
26.13326331233414 55.436339059268654 -39.999693804196816
26.024730998105085 55.43371793354392 -39.99796453944843
26.19779354888263 55.43393266372832 -39.9936459426305
26.549164371206835 55.437682951772324 -39.9978112938577
25.026729574232533 55.53072525114781 -39.99797951714831
26.1012051162964 55.531370087218136 -39.99854857655336
26.18414498241868 55.52369019785015 -39.998459797402184
26.57377362162417 55.56863380575671 -39.99898751053834
24.051965703303843 55.51759113415126 -39.996610049393645
25.726511563702708 55.516892979360485 -39.99584561044872
22.966448559272614 55.494977105516966 -39.99804458178593
24.551370944627834 55.493708458893444 -39.99734229797692
25.078602352521827 55.49618798411432 -39.99885994382399
25.91351027475566 55.49270881638497 -39.99687437319521
25.849391468788305 55.49407834994249 -39.997002145301174
26.4956254263216 55.49408227990651 -39.99817496296008
26.725939633241506 55.49622407396412 -39.99585874408819
31.010365319994754 55.49561522660561 -39.99663470436418
25.26411227541561 55.47401925764067 -39.99869240535856
25.84113255808019 55.472347838824085 -39.997843197427045
26.15909479357744 55.47304296449702 -39.998497333843666
21.276739410952437 55.5108151589378 -39.992380125968914
21.853580372715193 55.50847321628453 -39.99290162393232
23.29875688371019 55.505360959234835 -39.996636783550926
23.803284779136042 55.51049782733192 -39.991592566518285
23.64088498842384 55.508399453815166 -39.99378121684798
24.227658566660903 55.51175322937256 -39.992195634495516
24.519967248792504 55.5067678654327 -39.99188136421442
24.442519754334693 55.507630136745966 -39.99455377647475
24.458252643556463 55.50688501782829 -39.99491099393384
24.651908038779403 55.504968156653305 -39.99454577735618
24.760361911966378 55.510531524557585 -39.990214689054554
24.712515195621084 55.51140757976016 -39.99411053499376
24.821081014496663 55.5104549634946 -39.99373585837442
24.941888580835798 55.50700093447096 -39.997832650285254
24.896862002230705 55.505908998945266 -39.99613275604289
25.055083775430823 55.50799968219221 -39.998179237533186
25.070833259609472 55.50538140510343 -39.99496086123981
25.59364389637726 55.50954588768319 -39.99224826923339
25.338091480097468 55.50535853768193 -39.993038609879804
25.666231491111663 55.505821188598134 -39.992672383350005
25.361583458418988 55.505965639312414 -39.99533417106416
25.356762469671498 55.513476085505374 -39.99389033636351
25.931742650947964 55.507545868989766 -39.99857920264838
25.957532870764386 55.50945370409209 -39.99564283450984
25.747080125012403 55.50618842771895 -39.99257883143246
26.075745808429232 55.50684544604565 -39.99637777284747
26.32436329872786 55.50577441629537 -39.99769972675963
26.345392936060932 55.509618808370675 -39.99330296730935
26.959688560314042 55.509718515468855 -39.99466020357157
20.594168356139306 55.468840432354 -39.99525762244792
23.607994400686817 55.46651667334016 -39.996007012540446
23.760546124414397 55.46582902258848 -39.99503698823769
24.611075363871137 55.46872391901429 -39.99740467467545
24.785181822043892 55.465687284926425 -39.99553050592101
