data/lsst_object_test.ecsv
# %ECSV 1.0
# ---
# datatype:
# - {name: mag_i, datatype: float64}
# - {name: ra, datatype: float64}
# - {name: dec, datatype: float64}
# schema: astropy-2.0
mag_i ra dec
[from data line 1143]
24.847571271853962 55.47020650031156 -39.992929477277144
25.84977504362768 55.46997328473346 -39.99234456871044
25.96809870780376 55.4643460864483 -39.99379258341792
25.98632993620588 55.46890094568558 -39.99851628690392
26.701649723126508 55.464721692546846 -39.99407204321355
24.29034102041456 55.57405844565511 -39.99691003170684
24.874050894176644 55.575181163179636 -39.998036424733726
24.927283308021735 55.574769969519174 -39.99716908143974
25.101269696171187 55.41682449427981 -39.99877997791432
23.31833371749269 55.51017709354022 -39.99688000806704
25.924199968167542 55.50968402276816 -39.99809443748027
33.93617884950197 55.51058049056381 -39.99758228140229
24.370150902224644 55.51263894814065 -39.99742055409363
25.451622563850712 55.490622388656604 -39.99754713628983
26.055941091069613 55.489819207954625 -39.99739191298543
26.641249235056858 55.49057864637427 -39.99693626246072
25.98092497057758 55.48449253592122 -39.99765466881215
22.984807232887746 55.59134062353768 -39.9970428744938
24.991936588414553 55.5907228125096 -39.996242085473426
25.687707257472464 55.5903623830273 -39.99690210272902
26.61662307692425 55.59270343915406 -39.99700494542976
25.374462386133743 55.58837145543651 -39.99713294143795
26.12364665005103 55.432080722990754 -39.997737624139454
26.40495599327592 55.43152399918426 -39.99733478396301
23.716158411054543 55.52163504102333 -39.99600603177297
24.13251030707415 55.520446963460564 -39.99587433445716
25.008812075884833 55.52234369633039 -39.99595127515252
25.21390127015374 55.52124470645723 -39.99729515584934
25.808526418809286 55.522354631167275 -39.994828162774446
26.775939421961432 55.52284443979502 -39.99624690741013
26.893431274444765 55.52206099393285 -39.997709286254455
26.083315311476568 55.42141668373933 -39.996955955694844
26.248609473196968 55.42179453951722 -39.99717530802059
23.24219346361963 55.597180746862634 -39.99780381038707
25.127682010684865 55.59803516151842 -39.997072176612846
25.918527225922016 55.596988443116736 -39.9971314517197
25.9756462354694 55.59817639971635 -39.998110851252925
24.61308142628762 55.49786363098588 -39.99745589816467
25.224468357777614 55.49867509347046 -39.9973373479826
25.57823671175728 55.46378428320692 -39.99701156621952
25.66860192846419 55.46375837082226 -39.997437978693675
25.951155684756046 55.463027773683635 -39.99699412733993
24.579876543511567 55.57805943029653 -39.99673878601055
25.047614897430527 55.57916472979354 -39.99693036395662
26.25623738566607 55.57933472361757 -39.99736353729256
25.609094531830667 55.48793689858235 -39.9971849415505
27.680520770822284 55.48779470918219 -39.99764867829777
23.248231016795145 55.47490623182011 -39.99599923699544
23.55301797913244 55.47368294017319 -39.996218808658284
24.080696004237492 55.47542975380424 -39.996661439830255
24.203453895782637 55.47577588558246 -39.99379543796636
25.156652413311807 55.474472914447624 -39.99493695538769
25.57838158086848 55.475557909885076 -39.99488148314334
26.197107840938386 55.47543776203357 -39.997146452295134
32.57380329926343 55.474086426170516 -39.99370403654154
29.146107214560615 55.47403619206981 -39.99437086828241
24.40682597988632 55.44759779741139 -39.996661843894636
24.68752315380453 55.44626483936146 -39.996341262783204
24.803676385846202 55.44713035183993 -39.99710043280201
24.372170980640288 55.59799313562974 -39.9944589889238
24.802536082967322 55.59846159721626 -39.99399572270049
25.945399938351045 55.59931373239608 -39.99606966014176
26.18050397474799 55.59936501953742 -39.99643050288254
26.00030181683665 55.599627531437605 -39.993500339653735
26.63330875351368 55.60023708082655 -39.99631366136878
26.9824803883733 55.59857331926257 -39.99518264699927
26.40469621679371 55.48878031435389 -39.99663290748125
26.169729333448736 55.489031548344684 -39.996701349665464
23.011243521933345 55.423469234087634 -39.99635526988191
23.799965568230228 55.55502892244796 -39.99597449872084
23.885286161655717 55.556599691006866 -39.99615173308885
25.6012074136459 55.5554186861046 -39.996863902029624
23.91428448973457 55.52556531997302 -39.996156714342575
25.837009990668736 55.52474166569997 -39.99592706917779
25.820973969027037 55.52430102499435 -39.99602169585705
25.757343238790085 55.527941987603704 -39.99323129094255
25.93877065777358 55.528201270330825 -39.99566129349434
26.126082577837007 55.52815372818387 -39.99452519814522
26.306611839978835 55.525491618667914 -39.99720623044272
27.010664627283543 55.52805690374705 -39.99415727503635
26.29608951554379 55.526871158807026 -39.995804597495315
26.153911936658567 55.5236964624371 -39.996590729416056
22.638126605703196 55.59603511885326 -39.99511296547029
24.854461402120563 55.59793105271412 -39.99590398835256
25.84368170731078 55.595886708600474 -39.99605370782879
24.06356615413091 55.43789091117204 -39.996028398697675
27.144884005939684 55.43929424454614 -39.99590183764979
26.165089675483962 55.43915888916271 -39.996284769410394
25.40707405236587 55.43187709562345 -39.99613664223675
25.431884151757608 55.51442652999244 -39.995758164550736
22.38195491111274 55.45953601184097 -39.995563352407906
22.999394965029754 55.45831892137042 -39.995135071256506
23.223419199736114 55.56930913092354 -39.995402243963404
24.463658900897165 55.56863433491794 -39.99644550913847
27.22907796271765 55.57050881986278 -39.995437883687146
24.219215335613647 55.451198712719204 -39.99508691232053
25.985453393085102 55.45016854635751 -39.9958788126518
26.06378203659267 55.59340345773369 -39.995409267524884
26.45765131434695 55.59327619544865 -39.99610690276579
23.91372013427154 55.49821036006658 -39.995406354749335
25.750141544384608 55.49797028511025 -39.99469021876224
26.43942991652624 55.498611488276424 -39.99478992444939
27.02115342607332 55.49883784380748 -39.99418673595283
26.138301915647872 55.576040065647 -39.99542606945809
26.75892845246355 55.57693996399523 -39.99519269538124
25.80702412443718 55.49197162523003 -39.995108957165804
25.89452078217616 55.49052649507075 -39.99536518664397
31.999273444603542 55.49117689121844 -39.99486438336748
25.042022343136903 55.56434816340542 -39.99508109474545
29.533099972274087 55.564110097802875 -39.99476285189386
25.067755751320824 55.5735906313328 -39.9949957499162
25.478358169851756 55.57261736014284 -39.99529773106514
27.20586415768504 55.573794728194905 -39.99406936359083
25.55976840199221 55.53030079397471 -39.99496844313524
24.44642414305614 55.419540692630186 -39.99502467017193
25.040797437796407 55.41996984124819 -39.993859190834904
26.195921333998157 55.42049272156895 -39.99610154424492
26.957343873362962 55.42088714748095 -39.99553165524112
26.920977452711234 55.418842494041186 -39.993719575579654
23.63751543338727 55.482082925400924 -39.99271096022247
24.77778913950096 55.4824492668223 -39.99386068535533
25.49552897081671 55.483471895270185 -39.994768499560834
25.49893219458586 55.48458986906083 -39.994467199481925
25.789902116733266 55.483839318262255 -39.994539096701864
25.780406794307524 55.48280301827172 -39.991531215444155
26.368090154799226 55.483625322713166 -39.990608977831755
31.70128984496386 55.48316675107143 -39.99114883627192
26.20368768223777 55.481796134536815 -39.99139867648802
27.03861120824126 55.480237901567385 -39.99582759171318
25.642013191182016 55.560697187304484 -39.993234674339185
26.05698789824944 55.55952826081871 -39.99498823052462
27.771726831595313 55.55956051287522 -39.99453197066309
24.14386874104012 55.45627067733714 -39.99382165851832
25.284588839479966 55.45668327356326 -39.995024334847294
27.230097325372864 55.457116531762125 -39.995461378568386
25.78884960794876 55.44230262935436 -39.99510203547707
26.275334904226703 55.44209674722009 -39.994674586982725
25.756605893948034 55.56760623016962 -39.99477178747299
25.959379302840073 55.56693730709514 -39.994554519125145
23.086300135707003 55.579231774017586 -39.991919074180935
25.759051366483398 55.57953921761977 -39.99142536480759
25.370725854334733 55.579411664738096 -39.99360923334635
25.891589128177262 55.579098928230785 -39.994604392998504
26.245046231831488 55.58030169390088 -39.992959976779765
24.791301920508875 55.48666673178304 -39.9947574783513
25.57031451809494 55.48613295062374 -39.99413721242884
25.399577906250148 55.55782354176875 -39.99453165179638
25.29017585170507 55.50286630133838 -39.994373191602094
26.530988512710618 55.50362560925398 -39.99403319196176
25.728755319436956 55.44297598523842 -39.994540444651875
23.206644876753604 55.53108607091244 -39.9923101496934
23.34237101725403 55.53071105613829 -39.99332066878947
23.631757654012482 55.52869884231447 -39.99136299643545
24.976696351273567 55.52966223752258 -39.99238628997317
25.13535560493257 55.52869931234876 -39.991909219297135
25.762089445914675 55.52977117683631 -39.99392842742784
26.07942533094531 55.52413622285262 -39.9938149133742
24.98035165849102 55.55424263547517 -39.993099501623064
25.014773774042656 55.55491677867603 -39.993493168995606
25.546791471685307 55.44821102323663 -39.99359002728769
25.76212601963871 55.44859679512715 -39.99365550555904
26.137687594139013 55.439741709588205 -39.993194416109894
25.80296916602112 55.51960235764722 -39.9930924595307
26.312751012100392 55.52087595226405 -39.99311386169056
25.96524346506582 55.444104600464954 -39.993295620524655
26.092826074693814 55.44399989795856 -39.99286442170201
21.14431719715944 55.594245665783916 -39.991881579432096
21.978902160921486 55.589663353415624 -39.99045763476411
22.30652924275022 55.5922812994059 -39.99187661766046
22.32499500271239 55.58854347615162 -39.98890364897247
22.68480356596618 55.59069966658335 -39.99275347648174
24.297969856089843 55.588858845445216 -39.99211767938595
25.04375638344639 55.59258447789967 -39.98966003327096
25.231653892712885 55.58832087043425 -39.9879960251582
25.400224609061755 55.59249807661876 -39.99105004716487
25.580064097688666 55.589216304082726 -39.98814356295784
25.427685779699722 55.58980468677446 -39.98911737911205
25.616175721035113 55.59387454355062 -39.99062961189417
25.476344238198067 55.588354804050226 -39.99215325092095
25.88210096451932 55.588715115035626 -39.99276413505498
26.248461579453476 55.593179262083964 -39.99174358390736
25.894253447741722 55.59335502356278 -39.989820110651145
26.38154537054965 55.58768473231853 -39.98965639648653
21.113800721013924 55.45159390384931 -39.992475242102145
26.07038595980299 55.453425916927536 -39.992743947935644
25.298633897462018 55.583264036945664 -39.99273077931176
25.719579986466925 55.583964936467524 -39.99262590263715
33.92919826380077 55.584280678172114 -39.99324390298988
25.890461189848224 55.571961498485585 -39.993133282943056
26.089016381471893 55.57229380457582 -39.99257250304616
26.54611383078758 55.57227097425295 -39.99196428755051
22.71456857790994 55.42736360095202 -39.9915185318298
25.612933113401912 55.42819945446844 -39.99122990042194
25.48512845865912 55.42786891025802 -39.991538298893104
26.031016530010692 55.42682511913472 -39.99069033855502
26.9152116307668 55.427190697280146 -39.99223108224827
25.45852395140914 55.5650919882746 -39.99225912015173
26.449611235139642 55.56503835043478 -39.99286577297677
24.770647008292094 55.53395954113449 -39.99216899706912
26.437749008721905 55.535531232784344 -39.9920675343458
26.1217335500349 55.422556152953746 -39.99254095216996
26.25261021606348 55.42183646382564 -39.992886596355326
26.049423872248994 55.5972215247661 -39.990865035641846
26.76442818583378 55.597549743449875 -39.99154133407985
25.07751077115295 55.562778556713866 -39.99109333523614
25.185392096834114 55.56335634847686 -39.991696880559395
25.525135064644406 55.56312842659061 -39.99205568959753
25.80440626810858 55.56397057786769 -39.992036260681516
24.04690082102098 55.45705084714682 -39.99199216483955
26.000761486124297 55.4565695815853 -39.99271405527699
21.19822187157257 55.54478885539118 -39.99036273885763
23.632446085264622 55.54341063304767 -39.988917252874224
25.075485257872455 55.54722927807847 -39.991966871628215
26.934114975634877 55.547576695056364 -39.991183961471286
27.53383970321257 55.54662397818674 -39.991625494743786
22.320727335914935 55.472954227914265 -39.990563687684244
23.147860579533535 55.473016906962506 -39.991970946439615
23.820975364822257 55.472510971400624 -39.99023231022339
24.040891696588297 55.474621498998594 -39.98990146938517
25.370528427273243 55.47538477596414 -39.99080520681913
25.753970269905086 55.4758754554975 -39.99109527207107
25.472047563032206 55.43064898790118 -39.99214561344624
27.5908201303096 55.42969081267484 -39.99258960490367
22.142695002427907 55.4600061678721 -39.99147041651298
22.825225853615258 55.45947848323004 -39.99330280147482
23.70984717332801 55.460297707698714 -39.99352415160876
23.85662418782053 55.458590424545996 -39.99022211275833
23.926275337530644 55.46115425195024 -39.991527338012475
23.93452384682235 55.46009639960607 -39.99239240186764
23.95288974955449 55.46270394507882 -39.99195563122507
24.379762701767415 55.46283594075355 -39.99141980583657
25.448187814681283 55.4618902512392 -39.99156647824304
25.883384177300115 55.4605954257838 -39.994310187416424
26.377677928185012 55.45864361497555 -39.9894398128231
24.58143724844232 55.54906878393222 -39.99142018524211
26.189150788224378 55.549979106237096 -39.992000016461276
25.067139174994306 55.520039202158515 -39.99181849082459
26.48971845228686 55.520509680329845 -39.99122934278353
25.314076798912787 55.42000521958432 -39.990792895592634
25.723492516421295 55.41907045757901 -39.99208929663404
25.742294843822627 55.41895724126565 -39.992720395474386
26.06899066889199 55.42064590331015 -39.991363630777
26.554604335475315 55.41954329557223 -39.992033128664524
27.072907830524727 55.42159515959189 -39.99158460507058
26.371729275042348 55.420941958313236 -39.99224877151526
27.75737345612218 55.41836512711649 -39.991437220353994
19.908593817494648 55.57141189487942 -39.98948345399822
20.34118699892834 55.5748465465113 -39.99086192337228
22.981283719791655 55.57762655058115 -39.98860654590778
23.577992716999525 55.574759449239025 -39.99217781293033
23.795163484216722 55.577503882418476 -39.988234429292426
24.02126060529188 55.572282485376846 -39.98559120263238
24.052555472939428 55.570171412902724 -39.98661020447782
24.18373936943408 55.57677516254186 -39.98966071967443
24.478042983352346 55.572657173417795 -39.98594742498879
25.564914381416127 55.5763476338282 -39.988401484656286
25.660598195126116 55.56906642631653 -39.985421916623224
25.811236057053193 55.56957033169048 -39.98586041195504
25.936589831583433 55.57097727459806 -39.98698908861703
26.03483919167504 55.573724055120294 -39.98541472540319
26.50898032099798 55.57107541167832 -39.99150569901613
26.37485831778803 55.5716912701358 -39.98739092279142
24.885315110088214 55.51783623105279 -39.991558493747306
22.799133727335565 55.53820635426849 -39.991245447002896
25.664285344032674 55.5366743341043 -39.99131639893328
25.889963045875778 55.536305578391094 -39.9906308213269
26.249835997637682 55.41659622813193 -39.99181225602532
22.51388489956861 55.4939656017595 -39.991162684102655
23.33803473452999 55.496482744106245 -39.990816473619354
23.48990658323329 55.49345802979159 -39.991813423593605
24.872893103726792 55.49761220705073 -39.990673355958656
25.222795965523108 55.4971129285895 -39.99068206312094
25.7185501317183 55.49473735561638 -39.99218160422511
27.21997729153219 55.495436917636184 -39.99093695447097
26.29952128422139 55.49726154345262 -39.990117099727215
26.19583152698748 55.49513372259377 -39.99003845791773
29.564051650295323 55.49415027793501 -39.992438875238996
24.186733323078787 55.48922161147489 -39.98866006556906
26.03696110298278 55.48708321560218 -39.99139278848716
27.05057605143383 55.48698636739847 -39.98900971881866
27.790780419830284 55.48937905397542 -39.98779746996396
21.829799042219488 55.465338364978486 -39.99238941301074
23.517989875389606 55.46498706649351 -39.990263727528564
25.741937386035584 55.46390866731038 -39.992510121154005
